F001-01
000008259
000014319
000008247
000008248
000023277
000000012
000019930
000017830
000008251
000008257
000015915
000021556
000008256
000008255
000021042
000008064
000008254
000235512
000020526
000008253
000008250
000234127
000023268
000017878
000017818
000021000
000020998
000021001
000020993
000021002
000020304
000020999
000022787
000014630
000008281
000020362
F001-02
000014543
000008282
000235327
000017641
000008285
000008284
000008286
000008287
000234767
000000009
000000007
000008283
000008274
000001075
000006366
000017668
000017955
000234740
000008276
000300127
000017522
000020586
000017880
000235758
000016292
000000006
000000048
000000059
000000129
000022794
000020504
000008829
000235198
000023252
000001069
000016815
000235116
F001-03
000300026
000234134
000235117
000235484
000008431
000001067
000235383
000001064
000001065
000001066
000021431
000235334
000008430
000001063
000001292
000001291
000001293
000008422
000007642
000008435
000008433
000000884
000019323
000017414
000022769
000008414
000014255
000008415
000021039
000017685
000008432
000022961
000019164
000008080
000008954
000012651
000015136
F001-04
000016672
000008073
000015243
000234829
000000014
000006386
000234942
000234224
000008971
000003345
000234955
000018158
000000004
000003278
000019225
000008970
000008957
000010511
000010529
000001290
000001299
000001300
000001289
000001297
000001296
000016533
000000015
000016743
000010528
000016515
000234130
000020613
000010527
000013161
000016218
000010526
000008065
F001-05
000234720
000008169
000014632
000019495
000008163
000008162
000234287
000008160
000008168
000008166
000008147
000008165
000014629
000010525
000018104
000010524
000012864
000000016
000011108
000016188
000019481
000022119
000010569
000010520
000017868
000000017
000300048
000014615
000023421
000018433
000019365
000019483
000300162
000235284
F001-06
000000020
000019484
000010630
000020542
000017326
000003257
000020988
000008117
000010565
000019226
000019303
000010562
000022367
000023267
000020273
000019962
000020893
000001288
000234785
000023281
000022451
000021499
000022005
000022109
000010580
000236219
000000022
000023041
000234210
000010581
000010571
000017417
000022103
000016147
F002-01
000008150
000010582
000015895
000008930
000018446
000016308
000000023
000021313
000013212
000021840
000018801
000016500
000023223
000020050
000300120
000022185
000015082
000235911
000003337
000018258
000006835
000016359
000000028
000000165
000000024
000017842
F002-02
000008929
000234043
000235266
000017356
000012727
000006305
000012726
000014252
000300211
000003343
000234255
000016068
000021879
000022421
000008158
000008924
000021880
000021878
000008922
000008920
000006831
000021506
000018399
000018400
000018402
000018401
000021973
000015266
000000034
000015619
000008969
000008979
000015267
000017345
000008977
000020156
000017041
F002-03
000000033
000008089
000021938
000008976
000018508
000018089
000234556
000023406
000021249
000008900
000008899
000000032
000021572
000008898
000019191
000021899
000008894
000019973
000021585
000000189
000011996
000022726
000016711
000023290
000018666
000008949
000008948
000019097
000008947
000008945
000235710
000023152
000008941
000022667
F002-04
000022420
000234729
000006419
000008934
000008931
000008933
000000037
000008935
000021906
000014865
000020837
000021311
000021334
000021333
000019813
000021446
000019812
000021328
000008873
000003262
000022091
000022092
000022099
000022101
000022100
000022102
000022084
000234543
000021868
000021928
000008871
000015310
000019719
000017093
000000036
000008889
F002-05
000020364
000017357
000008886
000023341
000008884
000015649
000015917
000008885
000008881
000021565
000021525
000008880
000000211
000014432
000003413
000300121
000234509
000008156
000008155
000023170
000008918
000008919
000234119
000008917
000016954
000021860
000019648
000235389
000000214
000000213
F002-06
000234004
000234096
000008915
000022352
000022350
000022351
000022353
000008904
000019942
000000220
000008906
000008905
000007901
000022068
000008909
000000216
000019989
000235181
000008911
000000218
000018460
000011100
000001322
000000219
000000221
000300279
000016354
000009769
F003-01
000020361
000016433
000022490
000018077
000015534
000018177
000006306
000013945
000010751
000011361
000022729
000016289
000019176
000022303
000003407
000011994
000235349
000008866
000017185
000234553
000021390
000021379
000000222
000021895
000015906
000001324
000007793
F003-02
000012715
000019729
000019828
000015124
000015882
000008878
000008876
000007902
000008865
000008875
000008874
000008864
000008863
000021768
000235282
000018750
000008734
000008738
000235231
000015562
000008727
000020463
000008731
000001323
000008721
000008739
000008720
000008728
000008722
000008736
000008710
000008711
000008712
000235482
000234012
000019981
000018419
F003-03
000008827
000008824
000008828
000008714
000008826
000008716
000008713
000023151
000019758
000014558
000022542
000015968
000008790
000008791
000000223
000021397
000014938
000008715
000000227
000022904
000014456
000022864
000013052
000008770
000008100
000008108
000008821
000020338
000003350
000008820
000021884
000000714
000021983
000008802
F003-04
000018853
000001321
000021708
000008813
000001645
000008803
000017666
000008804
000235635
000001282
000008776
000022161
000015960
000008376
000019062
000008777
000008779
000234964
000300066
000022758
000016951
000008718
000014510
000008107
000235382
000014488
000001634
000018509
F003-05
000008842
000011140
000013045
000001280
000011109
000014859
000008773
000023106
000018190
000014941
000008034
000020221
000018230
000015252
000016406
000020015
000008782
000008781
000008795
000001938
000000713
000008772
000018761
000235321
000008792
000014648
000008775
000019987
000020519
F003-06
000008689
000001279
000001278
000008793
000008783
000021577
000007903
000008760
000001275
000008767
000008768
000234510
000001277
000234323
000019940
000020042
000008769
000001273
000019734
000008744
000008797
000014384
000235292
000016304
000017064
000019122
000016708
000019112
000235348
000019123
000008745
000019114
000008746
000021866
F004-01
000019054
000021705
000020565
000020578
000008757
000008758
000016942
000007888
000007886
000008748
000016589
000016590
000020026
000234878
000008749
000008761
000008743
000234282
000019188
000234052
000234869
000012852
000014741
000023085
000014647
000010023
000010012
000015348
000010020
000001272
000001271
F004-02
000000235
000016989
000010234
000010218
000235747
000010010
000234541
000022485
000010235
000023235
000010216
000015597
000010002
000022127
000022057
000020293
000016678
000009525
000000711
000010237
000010238
000010236
000001249
000235675
000022328
000017606
000020309
000010003
000017337
000300137
000022971
000000887
000010223
000022969
F004-03
000235395
000012645
000022346
000016585
000010230
000020469
000010231
000300069
000020029
000016499
000010233
000235557
000010157
000007889
000008059
000010158
000016850
000001245
000010169
000010170
000015277
000022899
000235897
000013163
000015531
000017877
000017553
000010220
000021561
000010211
000010175
000010212
F004-04
000017860
000015989
000010168
000015737
000010210
000010173
000010167
000010172
000018565
000010178
000014840
000022960
000010224
000018075
000015211
000022489
000022489
000014375
000010164
000234501
000016213
000010151
000001607
000010152
000234059
000020522
000007641
000021900
000019963
000016621
000020759
000009723
000022697
F004-05
000016605
000016595
000021420
000022987
000234250
000016233
000001248
000000709
000009724
000018074
000014533
000009726
000019358
000009198
000019549
000017667
000017603
000016306
000009729
000010008
000010014
000019594
000019958
000014410
000018282
000019948
000018274
000021048
000019976
000018281
000018278
000018276
000010009
000235036
F004-06
000019673
000007870
000007887
000235939
000010161
000021909
000008069
000008060
000008070
000008050
000235190
000235895
000008121
000011362
000014526
000020260
000021549
000009715
000009705
000011721
000018884
000018842
000009719
000009709
000008067
000008079
000015212
000021335
000234750
000234752
000234753
000008078
000021337
000018514
F005-01
000008055
000015213
000234751
000007885
000008071
000008057
000015185
000021392
000021378
000021383
000015617
000013642
000019929
000001261
000023154
000009700
000009701
000015712
000009596
000021996
000009606
000009587
000009588
000009716
000009598
000015742
000001253
000009607
000300289
000234739
000009608
000015395
000234585
000022149
000020817
000013648
000018002
000018301
000009604
000009605
000009595
000009580
000020866
000001255
000019670
000000901
000009583
000000708
000015494
000000707
000000705
000000706
000009585
000300160
000300122
F005-02
000009586
000009592
000235320
000235026
000001264
000020247
000235821
000009601
000018189
000016062
000010125
000017435
000020576
000010126
000020242
000020245
000010911
000020264
000013177
000007871
000235413
000015723
000010130
000014779
000001263
000000702
000011155
000017725
000019934
000019753
000008053
000008076
000015501
000008062
000008054
000008077
000008052
000008061
000000701
000234960
000234959
000021418
000010136
000010134
000011272
000021595
000010135
000023066
000001256
000014722
000023333
000015709
000017121
000015929
000018524
F005-03
000010202
000014974
000009690
000021329
000020532
000013394
000013899
000013378
000014613
000009364
000022629
000013377
000234458
000009692
000014614
000009871
000015574
000018694
000011135
000001309
000011143
000009699
000009689
000011110
000016718
000011111
000006364
000001318
000001317
000014305
000300135
000009876
000016509
000011137
000010018
000010016
000021455
000010017
000011158
000016284
000011156
000011159
000009879
000234299
000010015
000008066
000021323
000008075
000011990
000021040
000023108
F005-04
000234280
000234310
000001315
000019093
000019685
000001313
000009611
000235495
000235554
000235555
000009612
000018422
000016716
000235914
000022257
000022256
000234731
000022258
000008133
000018184
000016705
000020031
000001314
000014458
000001311
000019931
000023169
000009618
000235566
000022118
000234265
000019208
000016917
000013949
000009628
000234266
000013946
000009626
000009627
000017071
000009619
000009629
000016031
000013948
000022571
000022901
000018800
000022755
F005-05
000009623
000015107
000001215
000009487
000013351
000019224
000001216
000009620
000009622
000018096
000001327
000001326
000001636
000001325
000009632
000009633
000022801
000017669
000001211
000000907
000235043
000235042
000009638
000001333
000017401
000019797
000020824
000016417
000016417
000000906
000022239
000001331
000009637
000010851
000013162
000010852
000022727
000022737
000023242
000010854
000010853
000010856
000019784
000010858
000008800
000014958
000021887
000015920
000234051
000003249
000010843
000023273
000021826
000235681
000235682
000015376
000235680
F005-06
000235692
000015938
000001343
000023227
000017673
000300293
000234550
000010842
000013283
000003330
000235403
000235405
000234050
000235404
000235902
000234566
000013215
000018886
000010835
000010831
000235158
000010833
000018529
000235706
000010834
000020196
000017002
000235262
000001339
000015717
000021310
000010890
000021321
000021320
000010836
000010893
000010891
000010838
000010837
000021322
000010895
F006-01
000234969
000001338
000021855
000010897
000020368
000001340
000016848
000020220
000017695
000014736
000001350
000001347
000006291
000010900
000010905
000234057
000023094
000021688
000011052
000014992
000011033
000019585
000235474
000001346
000235232
000022246
000018628
000018634
000011029
000011039
000011023
000022235
000017828
000011024
000011025
000022344
000022460
000235418
000011460
000016562
000023234
000001354
000001355
000234775
000234777
000017040
000017217
000012863
000011299
000011102
000235160
000011296
000000196
000004342
F006-02
000235476
000016020
000011461
000017366
000022474
000011452
000021898
000011298
000234005
000234782
000011295
000015973
000235766
000021640
000016717
000235652
000235335
000001363
00
000001361
000004753
000011293
000011294
000234232
000018427
000011287
000011288
000011289
000001364
000011285
000011284
000011283
000022631
000009536
000001360
000021698
000011282
000234085
000011279
000001370
000001367
000001368
000001369
000011276
000012702
000011270
000022037
000011275
000020558
000011267
000011266
F006-03
000014746
000001379
000235163
000234056
000023218
000017560
000006557
000011262
000021314
000013396
000015258
000019968
000022338
000011258
000014976
000000902
000001390
000017537
000011448
000011252
000011449
000022058
000011447
000022443
000001389
000235386
000022074
000011446
000016817
000001351
000011444
000020352
000013175
000012743
000235150
000011441
000016566
000234721
000003548
000011443
000235034
000300065
000017964
000001387
000017958
000020460
000011442
000001385
000011440
000000900
000001382
000001383
000016504
000016555
000017698
000016575
000001375
000002331
F006-04
000009820
000022715
000009225
000235649
000017062
000016216
000235650
000013143
000001541
000011438
000009229
000009224
000009839
000009228
000009824
000021343
000009821
000020027
000001641
000009822
000017368
000016502
000017520
000009223
000016307
000235149
000020346
000017670
000009835
000009836
000009837
000009834
000023342
000001371
000009833
000235879
000022830
000234386
000023191
000009841
000016943
000009832
000009849
000009830
000009848
000008099
000017846
000300078
000021697
000021380
000021396
000021344
000001373
000009797
F006-05
000001392
000016340
000016709
000001391
000009792
000009791
000234124
000009790
000009807
000009808
000006310
000234061
000007787
000009805
000023239
000020040
000001393
000009804
000016694
000001394
000001395
000001396
000013229
000009802
000009814
000009815
000023334
000022475
000009812
000234270
000009819
000022419
000235500
000021696
000021387
000021308
000021391
000019794
000020318
000009765
000014881
000009766
000009764
000008044
000006847
000016223
000021924
000234576
000021437
000009761
000001400
000001398
F006-06
000019728
000009779
000009760
000300281
000003415
000001404
000001403
000020343
9780446602457
000234279
000234006
000234008
000009774
000009772
000023248
000016402
000021473
000009789
000021075
000022791
000009786
000001410
000010792
000022802
000001417
000001416
000021319
000009784
000001418
000022416
000016671
000016668
000009738
000009736
000009734
000001420
000022902
000015598
000009735
000019519
000023021
000000896
000001571
000015493
000001572
000015724
000021578
000018631
000021071
000016559
000016818
000009746
000009732
000235785
F006-07
000009749
000009730
000009731
000015190
000020579
000009748
000017819
000009744
000234123
000009756
000009759
000009758
000235483
000021386
000016143
000020336
000007796
000006320
000000094
000001574
000234259
000022408
000020426
000022170
000022186
000022859
000021829
000001578
000001580
000006283
000009752
000009751
000020425
000234584
000009754
000008859
000000895
000022531
000009986
000015127
000003327
000021897
000023329
000015128
000015129
000015122
000001575
000009976
000009974
000014870
000001581
000000001
000017879
000235545
000235547
000235546
000023398
F007-01
000009971
000009989
000017953
000019764
000009988
000016696
000001585
000022741
000021346
000001582
000009985
000009984
000001586
000009983
000023295
000018829
000018781
000018830
000235258
000001718
000001583
000019515
000018769
000017613
000017506
000009981
000009980
000009995
000001646
000234099
000008043
000020253
000009529
000009535
000009992
000001587
000009524
000009523
000018728
000017094
000019684
000009522
000006377
F007-02
000009537
000009538
000022799
000018458
000235498
000016778
000009532
000009530
000008041
000007250
000009548
000018174
000000894
000022014
000009547
000009545
000009544
000001589
000009542
000009543
000002925
000001590
000300072
000021689
000022854
000009409
000017500
000009405
000009406
000001600
000009404
000013276
000022114
000001591
000009419
000009400
000021870
000001592
000009402
000007875
000007876
000022110
000001593
000009401
000020462
000019667
000016774
000001595
000021594
000022131
000000185
F007-03
000019807
000020113
000016700
000017194
000016043
000009415
000234380
000016274
000001596
000001597
000023022
000011150
000009413
000011351
000009429
000009410
000009411
000009427
9780140179644
000021540
000021896
000009423
000008125
000009420
000001453
000017611
000009316
000009317
000009546
000009313
000009314
000015624
000016967
000009329
000016125
000009310
000009327
000006293
000022530
000008049
000022895
000019783
000009326
000009322
000009324
000014225
000001457
000019056
000020820
000004259
000019057
000010650
000010661
000010651
000009321
000009320
000010639
000001458
000017859
F007-04
000000885
000018176
000023050
000001460
000022440
000016538
000235529
000234135
000235933
000010628
000001459
000235651
000010637
000010638
000000881
000010627
000010649
000235663
000018772
000018047
000018049
000001462
000018037
000019735
000010626
000022079
000234269
000010625
000019592
000009220
000009236
000010620
000010634
000009238
000009221
000014310
000010621
000010748
000010647
000004343
000010648
000022756
000001463
000234800
000235749
000017841
000001480
000234268
000001464
000235479
000001465
000001466
000001468
000001467
000001470
000234554
F007-05
000001471
000009232
000023133
000022503
000022062
000022164
000022076
000020037
000022126
000001472
000022059
000001091
000001120
000020370
000019697
000009231
000020651
000009230
000009242
000009241
000009243
000009244
000235489
000017858
000234218
000016408
000009245
000009248
000009249
000009279
000021865
000009247
000008048
000016752
000001474
30922012735246
000012754
000007874
000009251
000009250
000234257
000235526
000009252
000300291
000009261
000001475
000014537
000020813
000018936
000014988
000234296
000018730
000234128
F007-06
000021327
000009262
000021869
000017007
000234217
000009254
000009264
000015565
000009299
000021806
000009307
000015627
000015924
000009303
000009305
000019105
000009301
000006841
000009308
000018705
000006749
000020879
000009300
000010091
000019360
000001477
000234186
000010110
000010100
000011366
000019336
000020635
000017498
000015901
000017551
000018038
000001507
000010112
000012652
000015735
000014330
000015370
000019760
000010102
000010033
000001119
000006295
000001506
000234142
000020880
F007-07
000015555
000015219
000020815
000001615
000235912
000020016
000015926
000235422
000010114
000019662
000235351
000010096
000010095
000017535
000010103
000016460
000010094
000010105
000022728
000235497
000235486
000018681
000300123
000234774
000016352
000003333
000019364
000022800
000235392
000235525
000235734
000021452
000235095
000021317
000010069
000234774
000016352
000003333
000019364
000022800
000235392
F008-01
000021559
000018443
000017415
000001440
000010079
000010092
000018776
000010089
000000190
000010031
000014137
000010032
000010040
000017055
000022883
000006394
000016541
000300079
000017349
000009333
000009338
000010052
000010036
000235790
000001430
000017600
000002432
000010042
000010043
000008039
000008029
000008028
000008027
000234415
000001448
000018440
000018442
000009272
000001449
000018947
000016587
000234045
000010045
000010055
000022832
000001118
000022061
000022069
000007879
F008-02
000020807
000022090
000022836
000016118
000019720
000016076
000001428
000016132
000020806
000010057
000020810
000020809
000020805
000010047
000009968
000009948
000009959
000010037
000019595
000008913
000009681
000001438
000009670
000300070
000009682
000018733
000018734
000015125
000017354
000001424
000022455
000009675
000001425
000016551
000009683
000009686
000017754
000001427
000001426
000009677
000017832
000009678
000022466
000300076
000017639
000009660
000009640
000013167
000009651
F008-03
000021801
000015969
000020638
000001431
000009652
000020262
000018810
000009642
000020814
000016540
000009653
000022732
000235353
000001115
000001113
000001116
000234215
000001109
000001107
000022337
000235653
000008482
000001432
000014029
000017367
000235685
000008493
000235654
000023062
000014643
000019823
000008484
000008475
000017646
000008474
000008495
000008494
000234732
000001499
000006280
000006284
000021201
000019970
000019779
000008478
000020048
000008496
000015316
F008-04
000021641
000008487
000007878
000008497
000008488
000008498
000008499
000008489
000234889
000019761
000003740
000019938
000022637
000021419
000235191
000014954
000018771
000016685
000009370
000001102
000000888
000023056
000022329
000016144
000019649
000001103
000011722
000009390
000008038
000017428
000018678
000235345
000015988
000235298
000015910
000022626
000021913
000013929
000022163
000022066
000022125
000009381
000023103
000020895
000009372
000001100
000009347
000017766
000009384
000019932
000009349
000009348
000235435
000009190
000017489
000009200
000009211
F008-05
000015719
000020013
000234733
000009202
000018087
000022348
000022691
000009196
000009214
000022710
000020420
000022725
000001444
000016119
000016260
000009204
000017110
000001441
000001445
000001437
000019581
000009217
000017750
000001447
000008852
000014649
000009205
000021581
000009207
000021074
000021817
000014744
000234499
000009215
000022073
000001490
000018006
000234958
000020012
000009209
000009208
000009199
F008-06
000021927
000018214
000012755
000018995
000018739
000018729
000006011
000008025
000008026
000235720
000009180
000234574
000022330
000012853
000009181
000009161
000235319
000009172
000009162
000001488
000009163
000009164
000019507
000014990
000235894
000235896
000234665
000022124
000009174
000009173
000009184
000019252
000235833
000016358
000009185
000009175
000018434
000009167
000009165
000009187
000022153
000009186
000019170
000015506
000001487
000018464
000009178
000009188
000021382
000021345
000021305
F008-07
000012635
000009255
000023099
000234290
000009274
000016819
000001098
000001097
000014656
000017588
000011995
000234223
000015269
000023052
000001096
000016823
000009258
000016686
000017716
000001481
000009267
000023345
000022481
000018461
000009278
000235253
000009268
000009257
000019763
000001482
000015253
000013734
000020344
000021211
000001483
000018751
000001484
000009282
000235467
000019986
000018186
000235490
000235477
000016574
000235429
000234938
000235553
000235425
000022888
F009-01
000022763
000017117
000022708
000018879
000009283
000009295
000009287
000009293
000022473
000014460
000009294
000011147
000016629
000000078
000300062
000009289
000001564
000021923
000001563
000010116
000018731
000022215
000022216
000010098
000013173
000019002
000022494
000015972
000010107
000009644
000019550
000020306
000001719
000016887
000010099
000010119
000020677
000022986
000235731
000001716
000010085
000010060
000017552
000012655
000234852
000016757
000010081
000004789
000008022
000010065
000001714
000235343
000010061
000019218
000019223
000003232
000019221
000019219
000010070
000003240
000019222
000010076
F009-02
000010075
000013763
000010066
000300023
000010038
000017534
000235696
000016847
000010059
000023132
000234152
000234575
000015948
000235918
000010067
000009951
000009950
000009961
000009940
000009943
000009942
000234973
000009219
000013275
000015084
000001691
000234773
000009946
000009963
000019540
000234054
000023093
000235919
000009954
000009964
000023219
000020842
000022448
000016072
000234212
000016133
000022188
000019825
000016135
000001693
000016631
000004350
000001602
000019448
F009-03
000014751
000001698
000015934
000016640
000014745
000001705
000235930
000234273
000235471
000235481
000001696
000016748
000000198
000017590
000234781
000018802
000234679
000015009
000022764
000019777
000017592
000234277
000015419
000235161
000235176
000235387
000023107
000234778
000234812
000022052
000019492
000009657
000009648
000009658
000008591
000009469
000011105
000013289
000008593
000008847
000015957
000008480
000008490
000008104
000006830
000008491
000023251
000235316
000009379
000022903
000001700
000009398
000009387
000017616
000009394
F009-04
000021937
000009389
000015679
000015749
000001710
000009376
000019866
000009397
000015610
000015436
000300004
000015394
000022760
000001722
000001723
000009386
000009396
000002251
000009385
000009395
000009350
000234459
000003274
000008051
000008023
000009353
000009358
000016849
000003254
000008360
000022543
000023253
000009366
000021338
000021301
000009369
000009368
000018827
000014254
000002231
000015495
000010589
000002252
000002241
000009367
000010577
000010588
000234055
000010587
000017990
000010550
000023018
000010530
000010540
000010551
000002242
000018890
000012758
000019863
000007261
000016749
000017003
F009-05
000010552
000235892
000010542
000010532
000010531
000020825
000010553
000010533
000015462
000010543
000234853
000002232
000005990
000022462
000010534
000019337
000019706
000011715
000020896
000022159
000019961
000010545
000234962
000015623
000002256
000002234
000010536
000013739
000021352
000021353
000021354
000021358
000021355
000021356
000021357
000021351
000008021
000235475
000000231
000010657
000234156
0000105 
000010537
000002254
000235693
000021550
000009189
000021905
000022339
000234588
000018682
000018683
000009179
000010538
000010558
000010559
000234970
000016569
000020345
000010549
F009-06
000010674
000010653
000017658
000235875
000022070
000010654
000010652
000010655
000010662
000016568
000000096
000010656
000015250
000018736
000013222
000010658
000021931
000022146
000017416
000002236
000002235
000002246
000010665
000020915
000010668
000010667
000010679
000010666
000010677
000019754
000010678
000020535
000009510
000018218
000010539
000010675
000002238
000010676
000010660
000010670
000010671
000011416
000002249
000002250
000011413
000019126
000234304
000012330
000001092
000300033
000234042
000234041
000002240
000016845
000011412
000008142
000234246
000020246
000019335
000234245
F009-07
000011408
000235609
000002239
000011410
000011404
000011407
000011406
000011405
000002257
000010766
000019183
000011400
000235154
000016619
000015928
000011364
000019288
000021557
000011399
000020222
000014922
000011397
000023269
000011396
000002258
000011395
000022635
000018766
000021192
000016073
000003389
000003377
000003329
000003396
000008128
000022976
000019006
000019669
000022492
000011394
000021746
000014752
000013937
9780805012460
000016577
000011387
000011385
000011386
000022112
000021910
000011384
000011383
000022053
000234580
000234971
F010-01
000235496
000018224
000020891
000235301
000017874
000022452
000300018
000235491
000011376
000011377
000021436
000235934
000011343
000235831
000001896
000001897
000001899
000022342
000235460
000235789
000010517
000017343
000020560
000011340
000011373
000011375
000235604
000011330
000235781
000235196
000011333
000235472
000300280
000235694
000001082
000001084
000001086
000234816
000004354
000234258
000016217
000023104
000300061
000300049
000234221
000011313
000014448
000017126
000011345
000003387
000014713
000001890
000015101
000011353
000011355
000003374
000014072
000235289
000003378
F010-02
000300075
000003233
000235315
000018528
000016061
000011349
000011337
000019707
000011329
000011356
000011328
000001889
000004352
000002248
000001888
000017461
000011317
000023275
000019983
000011326
000234264
000011318
000018409
000001639
000021459
000011307
000020295
000235487
000001885
000001884
000011310
000011315
000004351
000011301
000011302
000019142
000011324
000011305
000235485
000011303
000017621
000234325
000008144
000001881
000023232
000017523
000011311
000022963
000011320
000011321
000001883
000300092
000235388
000017656
000001872
000011220
000011230
000011240
000001871
000000169
000023188
000001873
000016505
000300150
000015550
000017829
F010-03
000011232
000011243
000022050
000004355
000016788
000014003
000001643
000001874
000001875
000022422
000011235
000234586
000001876
000011245
000015079
000019012
000022217
000018651
000019712
000235156
000019604
000001880
000011432
000017503
000016387
000003449
000234001
000011420
000011422
000016388
000012634
000001869
000008145
000001868
000011691
000020644
000011670
000011680
000001089
000001867
000235417
000235728
000234891
000018423
000011692
000234811
000001866
000011673
000011693
000001090
000011685
000011682
000021980
000011677
000001412
000011684
000011675
000011676
000017756
000011686
000011696
F010-04
000011679
000000166
000011697
000011699
000000161
000011640
000021903
000001864
000010744
000010740
000235214
000016269
000020653
000021471
000010742
000014530
000016349
000006316
000018264
000022731
000235916
000022075
000010794
000010793
000010789
000235828
000017499
000001859
000010788
000001851
000000175
000001860
000235527
000011106
000235528
000017871
000016015
000010776
000010777
070999007991
000019617
000016528
000016014
000002074
000010786
000235540
F010-05
000004898
000021783
000021199
000001856
000010799
000016224
000015100
000010796
000008146
000020416
000010725
000010715
000015615
000010736
000020075
000022609
000020041
000010727
000234966
000017609
000020077
000010716
000010726
000020057
000022237
000010731
000010710
000010737
000010732
000001855
000007890
000007880
000007881
000010733
000010721
000001852
000010723
000010711
000015095
000000154
000012194
000010729
000010739
000014259
000010724
000010689
000010738
000010688
000010713
000001853
000010687
000000144
F010-06
000016710
000020534
000021586
000022081
000016607
000016450
000017737
000022171
000023356
000011271
000010709
000017189
000013838
000018698
000019781
000012713
000020056
000021724
000020913
000010683
000010694
000016514
000010695
000016136
000011246
000010705
000011228
000011248
000021940
000021915
000022151
000022071
000021920
000021394
000011211
000011201
000300014
000011212
000016792
000016792
000001842
000011249
000018410
000011200
000022558
000001077
000016646
000001078
000001079
000014612
000001843
000015265
000020278
000235936
000019576
000011210
000016552
000011192
000011193
F010-07
000018889
000018221
000300005
000018432
000001844
000011194
000234392
000020333
000011205
000234020
000016365
000011202
000011213
000011203
000011195
000001850
000001846
000006404
000001849
000016950
000022080
000011198
000011196
000021838
000022056
000011217
000011219
000234014
000011218
000014529
000014743
000003299
000022105
000023240
000019971
000020254
000014777
000011209
000011207
000014542
000234216
000011172
000018949
000234019
000011180
000001848
000001670
000011166
000015391
000011167
000012771
000011176
000020353
000011182
000023064
F011-01
000011186
000010720
000011168
000019583
000011178
000011179
000010730
000016401
000011171
000019372
000300022
000018934
000017447
000011185
000007894
000007893
000011162
000021922
000001671
000000174
000020365
000011161
000011184
000008130
000020379
000011189
000022544
000022847
000234382
000001672
000001847
000011164
000018826
000023228
000011165
000007813
000007810
000007895
000007811
000001673
000016185
000016332
000011173
000014644
000022128
000019175
000011175
000010806
000006281
000010809
000001682
000018838
000018967
000001683
000010819
000234256
000022630
F011-02
000010818
000020020
000020515
000010808
000010817
000010826
000018840
000015270
000023328
000016570
000021638
000234807
000011647
000011648
000011646
000011649
000020256
000014979
000021122
000022529
000011659
000011656
000011658
000020044
000016624
000011653
000022700
000017536
000008132
000011650
000011652
000011651
000000194
000021442
000001685
000011610
000011662
000016615
000016324
000001677
000001678
000001680
000022097
000022868
000022089
000021312
000020053
000011619
000022055
000022117
000014839
000016630
000010614
000011993
000010608
000021912
000017099
000019718
F011-03
000015040
000235917
000016371
9780751508499
000021921
000011627
000011628
000022054
000021782
000011626
000234567
000022168
000011616
000300002
000022083
000015224
000010619
000010615
000019209
000018253
000010597
000022107
000015537
000014832
000007812
000011660
000019804
000010605
000003234
000011204
000235431
000010604
000010613
000010596
000020407
000019186
000010606
000018660
000015914
000018392
000234288
000010593
000010612
000022546
000234109
000234118
000234117
000018225
000234764
000020511
000001676
F011-04
000018209
000018208
000018210
000018211
000234651
000001686
000010602
000013223
000019004
000010590
000010601
000010592
000010600
000011092
000300025
000010610
000021316
000010770
000022442
000001604
000001688
000016561
000001687
000012649
000010706
000001684
000300151
000020573
000010680
000016747
000022049
000016706
000010682
000020575
000022717
000010701
000016679
000235296
000021932
000014117
000015435
000014419
000008210
000008208
000021793
000021200
000020798
000235193
000008135
000235256
000008206
000008849
000016707
000019502
000235438
F011-05
000018677
000235437
000008220
000021183
000006558
000020804
000008201
000010950
000015683
000015318
000015171
000235432
000016987
000235537
000022487
000008374
000001908
000022559
000235878
000235614
000022406
000022444
000021302
000000237
000010972
000010970
000021448
000021662
000010953
000015099
000015110
000015098
000015109
000010954
000022789
000234084
000017067
000020838
000013165
000022134
000019144
000020038
000000172
000010974
000010973
000019355
000018928
000015488
000006318
000010964
000234451
000000140
000015540
000018931
000022771
000022616
000010966
000008227
000020543
000008185
000008174
000023401
F011-06
000017111
000016357
000016239
000001905
000017847
000016530
000016511
000016287
000008189
000003366
000008192
000008180
000008190
000008188
000008216
000008219
000008191
000008223
000008177
000008224
000008175
000008225
000008184
000008182
000020022
000013943
000008176
000008214
000014312
9780316053655
000234565
000001901
000001904
000001902
000015007
000014306
000006519
000021326
000235615
000015903
000012774
000019591
000234818
000010977
000010978
000012710
000015166
000013933
000010980
000012687
F011-07
000012688
000010969
000018233
000012686
000001912
071831006509
000300067
000021407
000000968
000234587
000012684
000234101
000022761
000300031
000012683
000021309
000001921
000022397
000021576
000234589
000011063
000011068
000001730
000007820
000001922
000021839
000021123
000001920
000017867
000014986
000011000
000001919
000011053
000017408
000010990
000014595
000011001
000018877
000235427
000010982
000013221
000010981
000010991
000015038
000001930
000010983
000010994
000016140
000300073
000006296
000021043
000014721
000019182
000017601
000234104
000010985
000007815
000007814
000016603
000001610
000022496
F012-01
000020900
000011005
000010995
000010987
000010998
000010996
000017100
000000969
000019003
000010988
000013925
000022150
000007822
000014869
000014442
000011008
000018834
000015720
000234780
000021588
000010999
000003324
000020335
000013112
000021886
000016466
000021939
000011149
000012779
000001928
000011419
000000970
000016400
000016578
000011061
000019795
000011044
000003426
000018663
000018662
000018664
000011055
000011054
000234766
000011065
000300071
000008195
000000960
000011066
000234457
000021551
9780316159395
000001915
000015273
000235264
000022855
000001925
000235823
000014982
000016680
000015164
000011057
000011067
000018244
F012-02
000015510
000010915
000022690
000011058
000300296
000235406
000235709
000021925
000010918
000001640
000019664
000001917
000010919
000010917
000007821
000021741
000007824
000022636
000015206
000010926
000014454
000022308
000010935
000010939
000001803
000010937
000021393
000022192
000010924
000010927
000022449
000022753
000020274
000018277
000023348
000235174
000010928
000235184
000018183
000011623
000021592
000010923
000001791
000020833
000011636
000234048
000011635
000001792
000000168
000235120
000001793
000001802
000015878
000021579
000014669
000011630
000019193
000011738
000011730
F012-03
000012060
000011735
000011734
000021580
000015168
000015163
000011745
000011746
000011742
000235293
000011743
000011747
000015167
000011759
000001794
000010385
000011757
000020028
000019650
000008009
000020269
000011131
000003380
000010383
000010382
000234956
000001740
000009591
000000957
000010381
000020017
000001658
000010406
000010408
000235333
000022122
000010417
000010419
000010412
000010415
000010416
000010414
000010413
000001652
000001565
000001656
000014939
000008186
000010405
000008197
000001657
000012782
000010404
000235412
000001655
000021449
000021450
000010403
000010402
000234854
000010401
000021901
000001749
000010390
F012-04
000022436
000016945
000014945
000020645
000300124
000000956
000021770
000000955
000001112
000014133
000020272
000010352
000010394
000017558
000017962
000010398
000010399
000234007
000020461
000006400
000010449
000010447
000018941
000014132
000000952
000001724
000020636
000006417
000001729
000001725
000023321
000020801
000000236
000235792
000015086
000014978
000010426
000014417
000023100
000020025
000020654
000234002
000234003
000020555
000020554
000003323
000018247
000021195
000010428
F012-05
000020637
000020524
000018768
000010437
000020697
000013227
000023339
000020818
000018777
000235463
000001726
000001727
000010435
000010445
000019586
000234936
000235893
000011718
000010442
000017430
000010443
000016145
000016964
000021934
000235538
000020248
000000951
000010424
000016222
000022456
000010430
000234468
000235257
000022189
000007802
000019680
000010386
000010420
000021538
000235938
000023325
000014868
000010387
000010388
000021077
000010389
000022458
000022908
000234544
000022252
000022252
000006314
000022255
000012788
000022253
000022254
000010369
000012791
000010378
000014109
000235620
F012-06
000018421
000001738
000010375
000018285
000015546
000019162
000001747
000001736
000001746
000018836
000010365
000015015
000022510
000235542
000010363
000234743
000234718
000020047
000004799
000235263
000000950
000014874
000010360
000001976
000017556
000010444
000010372
000019824
000018462
000010373
000019543
000023153
000021384
000010643
000002021
000002022
000022845
000235350
000235159
000021597
000022228
000015718
000022973
000010358
000015650
000010642
000003348
000010355
000021291
000235409
000002023
000006359
000022227
000235037
000002042
000010353
000014307
000010334
000021796
000010763
000014108
000019008
000010350
000010767
F012-07
000002033
000016456
000010340
000021784
000010345
000234274
000010347
000022157
000300136
000235719
000018045
000018048
000018217
000018234
000017344
000007823
000018279
000021917
000022793
000013540
000010330
000014090
000014367
000014372
000010333
000014343
000010349
000023263
000014421
000002037
000010335
000021055
000235183
000020647
000020648
000020649
000007816
000020646
000010337
000017767
000018598
000015609
000022528
000015911
000016134
000014880
000010339
000010300
000235664
000235025
000017612
000000729
000234129
000002024
000002034
F013-01
000022441
000010313
000010312
000235314
000018413
000002026
000018465
000018463
000300300
000021754
000235539
000000075
000019767
000010884
000010324
000010321
000016725
000010325
000015744
000015743
000019959
000009454
000021554
000011714
000234359
000012799
000021472
000009457
000000965
000008012
000008011
000008010
000234734
000000741
000235535
000235754
000017215
000000157
000010322
000012712
000018201
000002027
000013225
000015990
000235346
000009430
000006391
000007899
000007855
000007897
000007850
000007898
000008007
000008004
000007998
000007996
000008006
000008005
000008008
000007854
000008001
000008002
000007997
000008003
000002047
F013-02
000018819
000018737
000020588
000002038
000018813
000009432
000018773
000022905
000006408
000234416
000234414
000014985
000014984
000021409
000002029
000002030
000018194
000009436
000002039
000002049
000015904
000002050
000012851
000234570
000235318
000003296
000022632
000008370
000016780
000022121
000022152
000023237
000234377
000009438
000009439
000017044
000235216
000010432
000001744
000001735
000009450
000235344
000010880
000010881
000023243
000000137
000300006
000015254
000017578
000019748
000022135
000023347
000015543
000010871
000010873
F13-03
000007853
000022238
000016673
000010769
000014942
000010879
000022627
000018702
000234011
000010863
000001741
000001733
000001743
000001732
000001742
000016526
000010867
000010869
000016067
000022882
000017831
000019690
000235937
000010943
000017360
000017353
000017361
000017351
000000964
000022036
000000717
000004801
000010942
000007965
000300017
000235121
000021377
000015902
000002036
000022132
000010944
000008113
000022459
000016588
000000962
000017330
000001619
000001618
000017355
000001630
000234047
000016816
000000961
000010946
000235040
000019330
000234121
000016941
000235118
000010948
000022906
F13-04
000013287
000006313
000020367
000010933
000010931
000011022
000012800
000011020
000235753
000004798
000010932
000012803
000010930
000022251
000018753
000001628
000001627
000017567
000000070
000000736
000000737
000017827
000019772
000000739
000022446
000001614
000001626
000016215
000016572
000011078
000014999
000014998
000015000
000020049
000011016
000011014
000235691
000235873
000011012
000007852
000300068
000234318
000011010
000016252
000015885
000020019
000016428
000001623
000234284
000011079
000011013
000001622
000011088
000011099
000001621
000015426
000011089
000017597
000021911
000017746
F13-05
000016794
000001781
000011097
000012711
000018099
000234225
000234384
000016990
000017957
000234262
000011096
000022959
000017963
000017866
000010632
000003326
000011076
000017057
000018256
000011085
000011095
000020356
000011729
000020021
000001784
000011075
000021073
000011074
000004364
000022821
000022983
000300290
000017409
000018632
000006292
000018687
000006299
000011090
000011091
000012656
000234139
000008229
000016219
000007759
000011080
000011081
000017412
000023067
000011072
000234385
000017937
000011071
000008858
000001785
000001786
000000733
000011070
000001787
000006605
000020680
000019975
000022702
F13-06
000235267
000018873
000020861
000011607
000021709
000011588
000235352
000006407
000011597
000011606
000000734
000011595
000235695
000300019
000001789
000006832
000012632
000021076
000011602
000011593
000017952
000011605
000011594
000011601
000011600
000013277
000011590
000001761
000001752
000020587
000001753
000001762
000011583
000022866
000011584
000011579
000011581
000020227
000020226
000000732
000016249
000235185
000011569
000011575
000018178
000011574
000017319
000011567
000021303
000001754
000022173
000022093
000021902
000235195
000000522
000018412
000019701
000018418
000016063
000015280
000011559
000011556
000023039
000011557
000020835
000001755
000011553
9780140014457
000016384
F13-07
000014863
000019094
000001756
000017341
000011564
000000742
000023065
000011552
000001757
000016464
000011571
000001758
000007618
000011561
000014237
000011551
000014534
000013051
000018940
000016688
000020887
000013160
000014247
000014248
000011547
000011549
000011548
000019542
000011539
000001760
000001759
000001764
000011527
000001765
000001770
000001769
000235907
000011545
000013176
000235834
000019791
000022714
000001768
000020570
000234728
000023024
000019165
000023038
000023023
000022724
000023053
000023075
000022994
000023025
000015964
000020055
000022995
000023008
000021769
000011525
000011532
000022169
F014-01
000001767
000011523
000022968
000017745
000235573
000019385
000021543
000022130
000234573
000020225
000020224
000020223
000016221
000235576
000011530
000014106
000008854
000012657
000234772
000015078
000011521
000007859
000007858
000011518
000011519
000015289
000001777
000007851
000007856
000007868
000007869
000007857
000011515
000015613
000011509
000236218
000001772
000011506
000011496
000001776
000001773
000001774
000001774
000019065
000001771
000001775
000016397
000011498
000011495
000020862
000018944
000000188
000021600
000011504
000014250
000011503
000235226
000235228
000011510
000011492
000011489
000011491
000011511
000011502
000011490
000235259
000235229
F014-02
000011488
000011487
000000071
000000180
000011477
000011478
000011494
000001816
000011468
000017069
000001820
000018532
000022123
000011466
000015033
000011484
000011483
000014233
000016364
000017620
000020011
000015950
000234456
000234786
000300212
000010822
000018511
000019092
000234857
000010641
000001818
000018430
000011473
000017216
000011482
000021702
000016635
000011472
000018719
000235738
000011462
000011481
000021993
000011480
000023404
000022695
000020014
000000743
000011751
000000744
000000905
000013921
000022087
000019980
000022495
000011840
000234579
000235688
000235283
000012709
000022077
000020355
000011830
000022497
000013409
000011713
000011820
F014-03
000013172
000020581
000000746
000000745
000022160
000022104
000018180
000011822
000011821
000011831
000019169
000011823
000001839
000015447
000011843
000011834
000019190
000021389
000300278
000012648
000018824
000001835
000010756
000013323
000020585
000011828
000020580
000235416
000020363
000234328
000011848
000011790
000011806
000015952
000011816
000001836
000001936
000019988
000001837
000011803
000001931
000011792
000234478
000011813
000235881
000022133
000011810
000011811
000011796
000004800
000011812
000011805
000011795
000010501
000010506
000011802
000011815
000011809
000235299
000019768
000000184
000016463
000011819
000016299
000021593
F014-04
000022065
000022108
000011760
000300134
000011780
000011781
000001939
000235288
000235434
000234307
000019668
000017214
000022699
000016558
000019769
000001950
000016690
000234770
000020816
000018185
000001544
000023276
000234708
000022722
000003285
000235874
000004261
000018160
000022491
000013397
000234144
000235656
000012071
000235175
000020800
000023236
000008846
000234562
000016041
000001452
000022639
000013898
000234539
000011763
000012061
000234771
000235659
000234698
000017437
000016754
000017488
000235830
000014229
000014135
000300034
000012081
000235796
000012009
F014-05
000004264
000001804
000014376
000011773
000020051
000008845
000019392
000014742
000234558
000008848
000235832
000000117
000019587
000011787
000001649
000011766
000011762
000017884
000235200
000006363
000234564
000014785
000012855
000000193
000012082
000022450
000000197
000022190
000021885
000020863
000017965
000012073
000011852
000234561
000022837
000016351
000001546
000012631
000234817
000023340
000234542
000020078
000235461
000015943
000012076
000011516
000012077
000234263
000012085
000012084
000012087
000021933
000016751
F014-06
000023270
000017001
000017095
000019991
000016560
000235524
000018861
000014782
000011983
000012114
000012069
000001810
000020544
000021812
000235252
000017591
000019189
000023338
000234941
000022570
000234945
000012105
000001543
000019172
000012115
000018517
000001811
000235827
000234379
000300030
000235340
000300029
000017596
000022349
000000949
000019944
000000748
000012099
000012108
000012096
000012117
000021417
000235164
000012098
000016771
000012109
000015873
000014081
000012000
000021421
000012021
000018414
000006304
000014075
000001796
000007864
000012118
000014099
000235031
000021306
000021350
000012022
000014380
000012011
000012012
000001797
F014-07
000001806
000014120
000022730
000235201
000012013
000022740
000022738
000012015
000016681
000012024
000012005
000022772
000001821
000012002
000020768
000022031
000011887
000235737
000012017
000011897
000016821
000011888
000011898
000235872
000017748
000011908
000017405
000011889
000012130
000011909
000019651
000234083
000008855
000235736
000006390
000300058
000235199
000018825
000011899
000012131
000012123
000234826
000019700
000016594
000016593
000001822
000020250
000015490
000012124
000018007
000012136
000235523
000235426
000000760
000012695
F015-01
000001834
000012110
000012101
000022723
000012111
000020297
000012100
000012128
000016046
000013737
000021825
000235839
000012126
08
000000759
000012093
000021566
000017869
000016300
000234009
000012103
000001825
000021476
000001948
000012113
000000954
000000634
000011955
000011945
000011965
000014031
000011946
000023250
000016305
000234664
000011947
000007865
000018076
000007863
000019663
000016952
000020562
000011949
000020354
000016432
000235225
000001815
000011948
000001951
000011967
000011959
000001943
000001942
000001941
000006297
000011890
000011958
000011900
F015-02
000022390
000011901
000011902
000008115
000016369
000018513
000011892
000017755
000011882
000004415
000001952
000020914
000011883
000017501
000018959
000011893
000300059
000000635
000001954
000007828
000011896
000021038
000012700
000011904
000011873
000020864
000011862
000011871
000001945
000001955
000235910
000235533
000234557
000235534
000235730
000234010
000234787
000020681
000015170
000015951
000017555
000234568
000011854
000000636
000006379
000235285
000011864
000235430
000011874
000011877
000021454
000016060
000000195
000011856
000001958
000001957
000014658
000017212
000017497
000235300
000235317
000023225
000018036
000016203
000016040
000011868
000011878
000015309
000011857
000021575
000011960
000011859
000015936
000015539
000015521
000011875
000001970
000000637
000300129
000001969
000011950
000014226
000003280
000023044
000235908
000011951
000017000
000021749
000011970
000011953
000018431
000023226
000011961
000019904
000022147
000022120
000023249
000018085
000001968
000006396
000021218
000011973
000021219
000011985
000011972
000022032
000235613
000011976
000020834
000016713
000019965
000011989
000017557
000011987
000021667
000018398
000017686
000012033
F015-04
000016796
000016413
000011999
000012053
000023063
000013169
000012052
000014731
000012032
000017959
000020331
000012050
000017844
000017840
000016701
000016643
000002005
000016727
000012044
000011778
000012051
000012036
000016683
000011769
000016702
000012037
000021877
000018841
000022220
000012059
000022222
000022221
000002013
000012041
000013738
000012048
000012057
000012055
000012031
000012056
000012030
000235415
000012049
000002003
000007843
000022438
000006429
000006840
000014935
000015541
000020812
000012650
000012394
000015921
000021444
000019357
000021703
000003308
000234390
000012405
000015117
F015-05
000018763
000022095
000021816
000012404
000012395
000012406
000234275
000022094
000012396
000012414
000022757
000022113
000017765
000234103
000012697
000019771
000235689
000023336
000012401
000012402
000012391
000020464
000001963
000017196
000021805
000019200
000022242
000022892
000022240
000020052
000012419
000017358
000022290
000022106
000012362
000022241
000020071
000234815
000234813
000011132
000012398
000011134
000022233
000012371
000012418
000012416
000012397
000006319
000012597
000012393
000017359
000012581
000022236
000017350
000235041
000006302
000013260
000015242
000020266
000012417
000014445
000012380
000012370
000012583
000002011
000002001
000012039
000234476
000020465
000018050
000012364
000022259
000001966
000012374
000016438
000022172
000016066
000013164
000013164
000016111
000012386
000012365
000012366
000012639
000001824
000234253
000019141
000001965
000015881
000023413
000015393
000234301
000019941
000016461
000022377
000017184
000012377
000017886
000019541
000012696
000019972
000022689
000235768
000012310
000012698
000019548
000300294
000001980
000000639
F015-07
000002002
000002210
000002208
000014539
000002219
000020901
000000640
000018679
000012303
000002220
000235941
000017948
000018300
000012276
000012313
000018748
000012305
000235311
000002218
000018720
000000088
000023233
000234044
000015477
000012318
000019736
000012295
000012285
000012275
000012309
000012286
000016128
000019945
000235661
000002230
000234100
000234116
000234090
000234097
000234076
000001294
000002229
000235600
000012287
000021120
000012277
000016697
000012279
000012294
000235035
000002227
000006398
000235488
000234387
000012289
000235550
000235552
000235536
000016703
000234248
000017865
F016-01
000020569
000234563
000003310
000012290
000019308
000012292
000012283
000016853
000015618
000018146
000020769
000012273
000014540
000014873
000002207
000018416
000014623
000235748
000018881
000002216
000234479
000022803
000022804
000012249
000002206
000022970
000022676
000022964
000016712
000234040
000300064
000013046
000022805
000001971
000002225
000012848
000300060
000300063
000235302
000014527
000012379
000003325
000234267
000234329
000012225
000022472
000012260
000021460
000003494
000022064
000022155
000300028
000014371
000019778
000018428
000300027
000000626
F016-02
000002215
000012262
000002205
000234968
000020928
000234784
000006285
000234150
000000623
000018721
000002214
000017664
000012264
000012255
000021751
000012265
000018030
000234283
000234281
000234241
000002224
000016567
000018932
000020422
000022116
000002223
000020823
000012247
000016142
000234559
000014515
000012258
000019699
000012269
000012267
000015102
000000622
000012268
000012246
000235732
000020006
000020018
000012226
000002212
000008106
000008014
000234381
000002213
000012236
000022733
000022813
000012219
000235684
000004366
000000621
000023244
000019936
000022493
000022204
000002203
000016045
000002222
000016368
000015959
000015544
000012210
F016-03
000022166
000012213
000012212
000012224
000012211
000021542
000008373
000012233
000235662
000002202
000012221
000020819
000022482
000006375
000235187
000235260
000012223
000022296
000012222
000016326
000016645
000022694
000002201
000012220
000012238
000019007
000000620
000018220
000022194
000235331
000020802
000000619
000012228
000235119
000002007
000012239
000012551
000013940
000012542
000002017
000235030
000023174
000235224
000012560
000012552
000014923
000012562
000021935
000022162
000014453
000012561
000235679
000014256
000010755
000001996
000020679
000001972
000018003
000014657
000017821
000001999
000002008
000235194
F016-04
000018042
000234477
000022245
000000153
000020351
000012565
000022244
000012556
000022484
000012567
000012546
000000617
000007848
000015249
000234864
000234837
000234943
000015725
000000616
000234972
000016303
000003328
000017820
000012569
000012563
000012558
000012568
000012548
000012559
000002000
000235522
000012557
000010782
000012549
000016625
000018851
000012659
000020319
000007847
000020771
000001561
000235519
000006395
000012191
000008110
000004357
000012190
000018156
000015711
000300128
000020010
000001973
000012163
000012192
000019780
000022634
000002288
000002006
000002269
000014737
000004365
000017769
F016-05
000012197
000022318
000012188
000019964
000017693
000014097
000234122
000022716
000018222
000012198
000020898
000020897
000012189
000012199
000022447
000015162
000012208
000020899
000007925
000020867
000235393
000002278
000016238
000235698
000002268
000012171
000012172
000012152
000002287
000014085
000022792
000012154
000000171
000016449
000022539
000002276
000019672
000007872
000022962
000015919
000012636
000002286
000017096
000022165
000012175
000018530
000001631
000012155
000022017
000022060
000001637
000022067
000012176
000234475
000022698
000012166
000017504
000012156
000012178
000004805
000016290
F016-06
000235436
000022407
000016637
000012167
000002265
000012179
000020836
000016070
000021210
000234819
000021591
000011914
000002273
000021182
000002285
000002283
000002263
000016302
000002264
000020265
000011910
000002284
000018942
000015097
000016510
000011931
000012158
000300086
000011912
000011920
000011924
000011911
000013731
000011921
000011922
000234965
000010421
000018229
000021979
000021388
000021385
000007994
000011934
000008843
000016297
000001386
000016529
000018531
000020663
000020662
000011915
000016548
000017195
000002261
000016131
000023332
000002271
000003237
000011917
000018044
000019119
000019790
000017065
000020267
000018652
000011929
F016-07
000012694
000021340
000011720
000234300
000015106
000001638
000015069
000012460
000011928
000016187
000013934
000020608
000018717
000000613
000018284
000012463
000012454
000007924
000234234
000019064
9780374285166
000021690
000012464
000018917
000000615
000000062
000000614
000234638
000012462
000018299
000012453
000018163
000002307
000002298
000002316
000022478
000006311
000016963
000012475
000012467
000002297
000012474
000012451
000012456
000016628
000012473
000012472
000012452
000001505
000012457
000012476
000012458
000013711
000021904
000013935
000017413
000234725
000016123
000016048
000016049
000012478
000012488
F017-01
000002309
000016117
000016116
000016122
000013729
000016124
000016120
000012498
000002300
9780747257509
000021704
000012486
000235332
000022250
000022234
000010274
000010281
000010270
000010273
000015716
000016353
000016285
000012604
000019146
000011130
000010272
000010290
000019302
000015714
000020257
000010282
000017610
000012506
000012610
000010280
000012600
000010283
000010294
000015710
000010291
000020424
000010293
000021881
000010284
000010271
000011133
000020660
000023045
000016506
000011144
000002280
000018161
F017-02
000011101
00
000015271
000010292
000023337
000235822
000006013
000007995
000007993
000007992
000010276
000010295
000010285
000011717
000014244
000010296
000010287
000006286
000010298
000017365
000006418
000012461
000022345
000010278
000016596
000010297
000010288
000002289
000234507
000235109
000010289
000019920
000008102
000010821
000010240
000013927
000016740
000020251
000012615
000019977
000234049
000000612
000007991
000235901
000235168
000022136
000235227
000019503
000235746
000235900
000235898
000002112
000018051
000010252
000020328
000010262
000010243
000020770
000023048
F017-03
000234220
000010772
000004808
000016206
000022610
000235511
000010264
000008245
000008244
000010254
000010245
000021791
000021794
000022030
000002125
000234312
000014660
000014302
000019160
000010255
000234137
000015545
000002113
000015063
000020878
000235513
000010246
000022788
000019145
000020303
000010256
000014849
000002127
000019688
000235660
000023335
000015949
000234663
000020894
000020292
000010248
000018650
000006421
000002126
000018939
000021800
000002128
000002129
000000611
000020263
000000752
000000751
000010258
000013174
000000753
000000754
000000755
000234013
000000756
000023222
F017-04
000235683
000002133
000235492
000235755
000023195
000010249
000023241
000004384
000013130
000002134
000002136
000235391
000009923
000234294
000009914
000234569
000019829
000009924
000003288
000235877
000000493
000009935
000012138
000009926
000020243
000014786
000016275
000017697
000002313
000235913
000021555
000021544
000000079
000009919
000009918
000002312
000002304
000009929
000018908
000009939
000010912
000009880
000009928
000009900
000019633
000015713
000023105
000019634
000002294
000003351
000009901
000009882
9780743436748
000020255
000009902
000009892
F017-05
000000495
000000494
000020229
000018818
000014098
000009884
000009885
000235215
000002137
000016077
000016113
000021582
000016112
000016793
000014257
000234126
000019731
000235713
000009905
000021995
000021876
000021873
000007831
000021453
000022679
000020912
000016693
000020574
000009927
000015085
000022392
000009897
000235826
000018857
000000500
000000496
000000499
000000502
000000497
000000498
000009908
000002301
000009889
000009899
000234723
000015900
000002293
000018041
000002302
000235230
000018093
000018094
000018095
000016330
000009570
000016822
F017-06
000009562
000009552
000002292
000009571
000021639
000009572
000019978
000021864
000002291
000019927
000020007
000009563
000009554
000009565
000002330
000022403
000019387
000015557
000022498
000018219
000004806
000009566
000000518
000015300
000019739
000019796
000019724
000004092
000009567
000001603
000017549
000002340
000014747
000235480
000013938
000009578
000009577
000007835
000300074
000018034
000009559
000000201
000234779
000002338
000017364
000019063
000235468
000235424
000235558
000235469
000235470
F017-07
000235473
000017724
000235548
000009516
000014645
000009512
000009517
000002348
000234552
000022975
000020827
000015451
000017571
000009500
000009503
000009505
000009502
000009504
000016042
000009506
000009509
000235186
000019310
000009492
000014864
000017436
000234769
000234856
000009495
000022343
000009496
000235612
000234804
000235610
000235611
000019593
000235341
000000515
000022974
000000517
000000520
000000519
000020076
000008365
000002347
000019359
000008368
000008367
000234939
000022477
000019782
000015349
000002328
000013281
F018-01
000235313
000235312
000008366
000015732
000016467
000021722
000000508
000021790
000235559
000000505
000002327
000235189
000000510
000021936
000300056
000010757
000015080
000021929
000022457
000007927
000007923
000002337
000008355
000002325
000235530
000002335
000022499
000008357
000002346
000008359
000002346
000008359
000000511
000000512
000235157
000009481
000019298
000018696
000002345
000023042
000016367
000009471
000010752
000019985
000007913
000009485
000017615
000018880
000022464
000234244
000234242
000002100
000002109
000003422
000014487
000016695
000016245
000021347
000234581
F018-02
000018188
000009472
000300057
000019745
000009473
000010768
000016623
000002088
000000240
000020929
000015317
000004809
000015561
000002098
000009464
000002344
000235733
000022034
000002138
000021691
000013178
000009476
000022268
000023344
000015616
000002343
000002090
000019788
000012320
000016797
000002333
000016758
000016735
000002324
000023051
071152007995
000009468
000009466
000016728
000007849
000012336
000021381
000022423
000020822
000234148
000022786
000018429
000002323
000015290
F018-03
000002332
000012322
000012359
000016291
000012325
000018457
000014738
000022445
000012356
000017618
000020886
000020882
000020884
000020883
000023224
000007910
000007911
000007929
000007918
000007917
000022900
000012321
000021307
000020892
000019450
000022703
000000183
000012353
000006844
000234077
000002322
000017593
000007836
000022218
000012355
000235516
000022115
000015161
000018699
000234039
000012347
000002051
000015538
000012349
000019727
000012348
000019725
F018-04
000012345
000007915
000012344
000012343
000012338
000016772
000002071
000002061
000002053
000012337
000002063
000018052
000010753
000008351
000008364
000235686
000019676
000012662
000003373
000000234
000012447
000012439
000018704
000013219
000300032
000002055
000235592
000018438
000012660
000006315
000009474
000016050
000015507
000002054
000021422
000016044
000022550
9780385336208
000012673
000017845
000016738
000019691
000022701
000234583
000018680
000235261
000018466
000023155
000300130
000012667
000022693
000021908
000012668
000020517
000012669
000012670
000007741
000022439
F018-05
000012676
000012675
000234466
000012682
000012679
000018203
000018697
000003379
000017751
000018215
000020406
000012681
000014080
000002056
000012678
000013839
000012480
000020841
9780553807677
000012505
000007767
000012495
000235180
000021553
000003371
000003320
000015503
000003307
000012485
000235940
000234765
000022336
000012490
000013288
000012491
000007916
000012481
000235837
000012501
000002058
000012494
000016692
000018883
000014437
000014436
000014420
000017347
000002068
000012503
000012517
F018-06
000021198
000019087
000014322
000022488
000004304
000012526
000020881
000018862
000002060
000002080
000002078
000012536
000017752
000002081
000002069
000018437
000012527
000023293
000012516
000235518
000235517
000235310
000234272
000021867
000020839
000022537
000019806
000022911
000016457
000016642
000002096
000013044
000002105
000002095
000002070
000002104
000002107
000012646
000015907
000022867
000013860
000012533
000012512
000018943
000022869
000016458
000012513
000020045
000019949
000235915
F018-07
000020054
000013850
000016459
000012524
000014074
000022469
000012515
000012510
000019774
000002106
000013217
000013923
000235838
000006380
000016750
000235038
000022884
000018764
000012642
000234963
000012424
000018700
000020244
000235515
000020039
000022965
000012435
000012445
000006393
000235410
000022193
000235920
000022111
000018839
000012426
000017419
000015302
000016301
000015600
000021237
000004390
000012431
000012422
000012421
000234855
000012443
000012442
000236216
000000514
000015108
000014928
000007907
000007908
000012432
000019327
000007909
000234957
000021432
000012433
000300213
000022833
